LOGREG

Batch size|  L.rate | Train Cost | Test Cost | Train Acc | Test Acc |  Wall Time
--------------------------------------------------------------------------------
   65000  |   0.001 |   2.62765  |  2.57877  |  0.642815 | 0.648431 |  105.32
   65000  |    0.01 |   2.56531  |  2.52125  |  0.643677 | 0.648954 | 106.945
   65000  |     0.1 |   10.4199  |  10.4775  |  0.491031 | 0.492431 | 105.839
--------------------------------------------------------------------------------
     650  |   0.001 |   1.76248  |  1.79178  |  0.662231 | 0.663554 | 106.239
     650  |    0.01 |   0.68946  |  0.733002 |  0.713169 | 0.680292 | 108.185
     650  |     0.1 |   8.47399  |  8.59113  |     0.46  | 0.443323 |   108.3
--------------------------------------------------------------------------------
     130  |   0.001 |  0.675466  |  0.712758 |  0.731985 | 0.690154 | 104.691
     130  |    0.01 |  0.977319  |  1.00466  |  0.463662 | 0.432092 | 107.291
     130  |     0.1 |  11.6634   |  11.5802  |  0.468138 | 0.456508 | 103.543
--------------------------------------------------------------------------------
      65  |   0.001 |  0.677694  |  0.711747 |  0.708154 | 0.666708 | 109.602
      65  |    0.01 |  0.692559  |  0.726628 |  0.492585 | 0.460046 | 108.995
      65  |     0.1 |  1.34054   |  1.42947  |  0.459477 | 0.435954 | 109.259
--------------------------------------------------------------------------------
       1  |   0.001 |   0.743638 |  0.785637 |  0.724123 | 0.698446 | 145.783
       1  |    0.01 |    3.9193  |  4.18961  |  0.472785 | 0.460385 | 145.376
       1  |     0.1 |     24.04  |   26.318  |  0.716492 | 0.701108 | 144.745
--------------------------------------------------------------------------------
